{
 "cells": [
  {
   "cell_type": "markdown",
   "metadata": {},
   "source": [
    "Como Utilizar a função sort_values()"
   ]
  },
  {
   "cell_type": "code",
   "execution_count": 3,
   "metadata": {},
   "outputs": [],
   "source": [
    "import numpy as np\n",
    "import pandas as pd"
   ]
  },
  {
   "cell_type": "code",
   "execution_count": 4,
   "metadata": {},
   "outputs": [
    {
     "data": {
      "text/html": [
       "<div>\n",
       "<style scoped>\n",
       "    .dataframe tbody tr th:only-of-type {\n",
       "        vertical-align: middle;\n",
       "    }\n",
       "\n",
       "    .dataframe tbody tr th {\n",
       "        vertical-align: top;\n",
       "    }\n",
       "\n",
       "    .dataframe thead th {\n",
       "        text-align: right;\n",
       "    }\n",
       "</style>\n",
       "<table border=\"1\" class=\"dataframe\">\n",
       "  <thead>\n",
       "    <tr style=\"text-align: right;\">\n",
       "      <th></th>\n",
       "      <th>Jav</th>\n",
       "      <th>Fev</th>\n",
       "      <th>Mar</th>\n",
       "      <th>Abr</th>\n",
       "      <th>Mai</th>\n",
       "      <th>Jun</th>\n",
       "      <th>Jul</th>\n",
       "      <th>Ago</th>\n",
       "      <th>Set</th>\n",
       "      <th>Out</th>\n",
       "      <th>Nov</th>\n",
       "      <th>Dez</th>\n",
       "    </tr>\n",
       "  </thead>\n",
       "  <tbody>\n",
       "    <tr>\n",
       "      <th>Fiat</th>\n",
       "      <td>7390</td>\n",
       "      <td>19685</td>\n",
       "      <td>20562</td>\n",
       "      <td>24931</td>\n",
       "      <td>24917</td>\n",
       "      <td>19352</td>\n",
       "      <td>14572</td>\n",
       "      <td>17629</td>\n",
       "      <td>3140</td>\n",
       "      <td>22779</td>\n",
       "      <td>11213</td>\n",
       "      <td>3131</td>\n",
       "    </tr>\n",
       "    <tr>\n",
       "      <th>Pegeout</th>\n",
       "      <td>19470</td>\n",
       "      <td>19277</td>\n",
       "      <td>20096</td>\n",
       "      <td>13660</td>\n",
       "      <td>24074</td>\n",
       "      <td>4097</td>\n",
       "      <td>21726</td>\n",
       "      <td>9571</td>\n",
       "      <td>20437</td>\n",
       "      <td>12096</td>\n",
       "      <td>12289</td>\n",
       "      <td>24894</td>\n",
       "    </tr>\n",
       "    <tr>\n",
       "      <th>Volkswagem</th>\n",
       "      <td>6329</td>\n",
       "      <td>22549</td>\n",
       "      <td>9563</td>\n",
       "      <td>9162</td>\n",
       "      <td>7744</td>\n",
       "      <td>7569</td>\n",
       "      <td>10786</td>\n",
       "      <td>21237</td>\n",
       "      <td>13567</td>\n",
       "      <td>15780</td>\n",
       "      <td>24761</td>\n",
       "      <td>11765</td>\n",
       "    </tr>\n",
       "    <tr>\n",
       "      <th>Ford</th>\n",
       "      <td>11134</td>\n",
       "      <td>6630</td>\n",
       "      <td>23871</td>\n",
       "      <td>4446</td>\n",
       "      <td>18632</td>\n",
       "      <td>24099</td>\n",
       "      <td>14970</td>\n",
       "      <td>3410</td>\n",
       "      <td>3752</td>\n",
       "      <td>19691</td>\n",
       "      <td>3097</td>\n",
       "      <td>20035</td>\n",
       "    </tr>\n",
       "    <tr>\n",
       "      <th>Nissan</th>\n",
       "      <td>18379</td>\n",
       "      <td>8010</td>\n",
       "      <td>23272</td>\n",
       "      <td>11715</td>\n",
       "      <td>11036</td>\n",
       "      <td>21437</td>\n",
       "      <td>9552</td>\n",
       "      <td>3125</td>\n",
       "      <td>9326</td>\n",
       "      <td>17005</td>\n",
       "      <td>10942</td>\n",
       "      <td>5772</td>\n",
       "    </tr>\n",
       "    <tr>\n",
       "      <th>Toyota</th>\n",
       "      <td>20301</td>\n",
       "      <td>8516</td>\n",
       "      <td>16300</td>\n",
       "      <td>9582</td>\n",
       "      <td>18785</td>\n",
       "      <td>19108</td>\n",
       "      <td>7747</td>\n",
       "      <td>6340</td>\n",
       "      <td>10201</td>\n",
       "      <td>22254</td>\n",
       "      <td>18469</td>\n",
       "      <td>17226</td>\n",
       "    </tr>\n",
       "    <tr>\n",
       "      <th>Honda</th>\n",
       "      <td>7491</td>\n",
       "      <td>12463</td>\n",
       "      <td>20759</td>\n",
       "      <td>4916</td>\n",
       "      <td>17261</td>\n",
       "      <td>13209</td>\n",
       "      <td>24895</td>\n",
       "      <td>14284</td>\n",
       "      <td>4908</td>\n",
       "      <td>23951</td>\n",
       "      <td>8831</td>\n",
       "      <td>12870</td>\n",
       "    </tr>\n",
       "    <tr>\n",
       "      <th>Chevrolet</th>\n",
       "      <td>8971</td>\n",
       "      <td>16740</td>\n",
       "      <td>21742</td>\n",
       "      <td>22526</td>\n",
       "      <td>10343</td>\n",
       "      <td>4918</td>\n",
       "      <td>4111</td>\n",
       "      <td>20719</td>\n",
       "      <td>10127</td>\n",
       "      <td>9715</td>\n",
       "      <td>21882</td>\n",
       "      <td>19989</td>\n",
       "    </tr>\n",
       "  </tbody>\n",
       "</table>\n",
       "</div>"
      ],
      "text/plain": [
       "              Jav    Fev    Mar    Abr    Mai    Jun    Jul    Ago    Set  \\\n",
       "Fiat         7390  19685  20562  24931  24917  19352  14572  17629   3140   \n",
       "Pegeout     19470  19277  20096  13660  24074   4097  21726   9571  20437   \n",
       "Volkswagem   6329  22549   9563   9162   7744   7569  10786  21237  13567   \n",
       "Ford        11134   6630  23871   4446  18632  24099  14970   3410   3752   \n",
       "Nissan      18379   8010  23272  11715  11036  21437   9552   3125   9326   \n",
       "Toyota      20301   8516  16300   9582  18785  19108   7747   6340  10201   \n",
       "Honda        7491  12463  20759   4916  17261  13209  24895  14284   4908   \n",
       "Chevrolet    8971  16740  21742  22526  10343   4918   4111  20719  10127   \n",
       "\n",
       "              Out    Nov    Dez  \n",
       "Fiat        22779  11213   3131  \n",
       "Pegeout     12096  12289  24894  \n",
       "Volkswagem  15780  24761  11765  \n",
       "Ford        19691   3097  20035  \n",
       "Nissan      17005  10942   5772  \n",
       "Toyota      22254  18469  17226  \n",
       "Honda       23951   8831  12870  \n",
       "Chevrolet    9715  21882  19989  "
      ]
     },
     "execution_count": 4,
     "metadata": {},
     "output_type": "execute_result"
    }
   ],
   "source": [
    "carros = pd.DataFrame(np.random.randint(3000, 25000, size=(8,12)),\n",
    "                      ['Fiat', 'Pegeout', 'Volkswagem', 'Ford', 'Nissan', 'Toyota', 'Honda', 'Chevrolet'],\n",
    "                      ['Jav', 'Fev', 'Mar', 'Abr', 'Mai', 'Jun', 'Jul', 'Ago', 'Set', 'Out', 'Nov', 'Dez'],)\n",
    "carros"
   ]
  },
  {
   "cell_type": "code",
   "execution_count": 5,
   "metadata": {},
   "outputs": [
    {
     "data": {
      "text/html": [
       "<div>\n",
       "<style scoped>\n",
       "    .dataframe tbody tr th:only-of-type {\n",
       "        vertical-align: middle;\n",
       "    }\n",
       "\n",
       "    .dataframe tbody tr th {\n",
       "        vertical-align: top;\n",
       "    }\n",
       "\n",
       "    .dataframe thead th {\n",
       "        text-align: right;\n",
       "    }\n",
       "</style>\n",
       "<table border=\"1\" class=\"dataframe\">\n",
       "  <thead>\n",
       "    <tr style=\"text-align: right;\">\n",
       "      <th></th>\n",
       "      <th>Jav</th>\n",
       "      <th>Fev</th>\n",
       "      <th>Mar</th>\n",
       "      <th>Abr</th>\n",
       "      <th>Mai</th>\n",
       "      <th>Jun</th>\n",
       "      <th>Jul</th>\n",
       "      <th>Ago</th>\n",
       "      <th>Set</th>\n",
       "      <th>Out</th>\n",
       "      <th>Nov</th>\n",
       "      <th>Dez</th>\n",
       "      <th>Total</th>\n",
       "    </tr>\n",
       "  </thead>\n",
       "  <tbody>\n",
       "    <tr>\n",
       "      <th>Fiat</th>\n",
       "      <td>7390</td>\n",
       "      <td>19685</td>\n",
       "      <td>20562</td>\n",
       "      <td>24931</td>\n",
       "      <td>24917</td>\n",
       "      <td>19352</td>\n",
       "      <td>14572</td>\n",
       "      <td>17629</td>\n",
       "      <td>3140</td>\n",
       "      <td>22779</td>\n",
       "      <td>11213</td>\n",
       "      <td>3131</td>\n",
       "      <td>189301</td>\n",
       "    </tr>\n",
       "    <tr>\n",
       "      <th>Pegeout</th>\n",
       "      <td>19470</td>\n",
       "      <td>19277</td>\n",
       "      <td>20096</td>\n",
       "      <td>13660</td>\n",
       "      <td>24074</td>\n",
       "      <td>4097</td>\n",
       "      <td>21726</td>\n",
       "      <td>9571</td>\n",
       "      <td>20437</td>\n",
       "      <td>12096</td>\n",
       "      <td>12289</td>\n",
       "      <td>24894</td>\n",
       "      <td>201687</td>\n",
       "    </tr>\n",
       "    <tr>\n",
       "      <th>Volkswagem</th>\n",
       "      <td>6329</td>\n",
       "      <td>22549</td>\n",
       "      <td>9563</td>\n",
       "      <td>9162</td>\n",
       "      <td>7744</td>\n",
       "      <td>7569</td>\n",
       "      <td>10786</td>\n",
       "      <td>21237</td>\n",
       "      <td>13567</td>\n",
       "      <td>15780</td>\n",
       "      <td>24761</td>\n",
       "      <td>11765</td>\n",
       "      <td>160812</td>\n",
       "    </tr>\n",
       "    <tr>\n",
       "      <th>Ford</th>\n",
       "      <td>11134</td>\n",
       "      <td>6630</td>\n",
       "      <td>23871</td>\n",
       "      <td>4446</td>\n",
       "      <td>18632</td>\n",
       "      <td>24099</td>\n",
       "      <td>14970</td>\n",
       "      <td>3410</td>\n",
       "      <td>3752</td>\n",
       "      <td>19691</td>\n",
       "      <td>3097</td>\n",
       "      <td>20035</td>\n",
       "      <td>153767</td>\n",
       "    </tr>\n",
       "    <tr>\n",
       "      <th>Nissan</th>\n",
       "      <td>18379</td>\n",
       "      <td>8010</td>\n",
       "      <td>23272</td>\n",
       "      <td>11715</td>\n",
       "      <td>11036</td>\n",
       "      <td>21437</td>\n",
       "      <td>9552</td>\n",
       "      <td>3125</td>\n",
       "      <td>9326</td>\n",
       "      <td>17005</td>\n",
       "      <td>10942</td>\n",
       "      <td>5772</td>\n",
       "      <td>149571</td>\n",
       "    </tr>\n",
       "    <tr>\n",
       "      <th>Toyota</th>\n",
       "      <td>20301</td>\n",
       "      <td>8516</td>\n",
       "      <td>16300</td>\n",
       "      <td>9582</td>\n",
       "      <td>18785</td>\n",
       "      <td>19108</td>\n",
       "      <td>7747</td>\n",
       "      <td>6340</td>\n",
       "      <td>10201</td>\n",
       "      <td>22254</td>\n",
       "      <td>18469</td>\n",
       "      <td>17226</td>\n",
       "      <td>174829</td>\n",
       "    </tr>\n",
       "    <tr>\n",
       "      <th>Honda</th>\n",
       "      <td>7491</td>\n",
       "      <td>12463</td>\n",
       "      <td>20759</td>\n",
       "      <td>4916</td>\n",
       "      <td>17261</td>\n",
       "      <td>13209</td>\n",
       "      <td>24895</td>\n",
       "      <td>14284</td>\n",
       "      <td>4908</td>\n",
       "      <td>23951</td>\n",
       "      <td>8831</td>\n",
       "      <td>12870</td>\n",
       "      <td>165838</td>\n",
       "    </tr>\n",
       "    <tr>\n",
       "      <th>Chevrolet</th>\n",
       "      <td>8971</td>\n",
       "      <td>16740</td>\n",
       "      <td>21742</td>\n",
       "      <td>22526</td>\n",
       "      <td>10343</td>\n",
       "      <td>4918</td>\n",
       "      <td>4111</td>\n",
       "      <td>20719</td>\n",
       "      <td>10127</td>\n",
       "      <td>9715</td>\n",
       "      <td>21882</td>\n",
       "      <td>19989</td>\n",
       "      <td>171783</td>\n",
       "    </tr>\n",
       "  </tbody>\n",
       "</table>\n",
       "</div>"
      ],
      "text/plain": [
       "              Jav    Fev    Mar    Abr    Mai    Jun    Jul    Ago    Set  \\\n",
       "Fiat         7390  19685  20562  24931  24917  19352  14572  17629   3140   \n",
       "Pegeout     19470  19277  20096  13660  24074   4097  21726   9571  20437   \n",
       "Volkswagem   6329  22549   9563   9162   7744   7569  10786  21237  13567   \n",
       "Ford        11134   6630  23871   4446  18632  24099  14970   3410   3752   \n",
       "Nissan      18379   8010  23272  11715  11036  21437   9552   3125   9326   \n",
       "Toyota      20301   8516  16300   9582  18785  19108   7747   6340  10201   \n",
       "Honda        7491  12463  20759   4916  17261  13209  24895  14284   4908   \n",
       "Chevrolet    8971  16740  21742  22526  10343   4918   4111  20719  10127   \n",
       "\n",
       "              Out    Nov    Dez   Total  \n",
       "Fiat        22779  11213   3131  189301  \n",
       "Pegeout     12096  12289  24894  201687  \n",
       "Volkswagem  15780  24761  11765  160812  \n",
       "Ford        19691   3097  20035  153767  \n",
       "Nissan      17005  10942   5772  149571  \n",
       "Toyota      22254  18469  17226  174829  \n",
       "Honda       23951   8831  12870  165838  \n",
       "Chevrolet    9715  21882  19989  171783  "
      ]
     },
     "execution_count": 5,
     "metadata": {},
     "output_type": "execute_result"
    }
   ],
   "source": [
    "carros['Total'] = carros.sum(axis = 1)\n",
    "carros"
   ]
  },
  {
   "cell_type": "code",
   "execution_count": 7,
   "metadata": {},
   "outputs": [
    {
     "data": {
      "text/html": [
       "<div>\n",
       "<style scoped>\n",
       "    .dataframe tbody tr th:only-of-type {\n",
       "        vertical-align: middle;\n",
       "    }\n",
       "\n",
       "    .dataframe tbody tr th {\n",
       "        vertical-align: top;\n",
       "    }\n",
       "\n",
       "    .dataframe thead th {\n",
       "        text-align: right;\n",
       "    }\n",
       "</style>\n",
       "<table border=\"1\" class=\"dataframe\">\n",
       "  <thead>\n",
       "    <tr style=\"text-align: right;\">\n",
       "      <th></th>\n",
       "      <th>Jav</th>\n",
       "      <th>Fev</th>\n",
       "      <th>Mar</th>\n",
       "      <th>Abr</th>\n",
       "      <th>Mai</th>\n",
       "      <th>Jun</th>\n",
       "      <th>Jul</th>\n",
       "      <th>Ago</th>\n",
       "      <th>Set</th>\n",
       "      <th>Out</th>\n",
       "      <th>Nov</th>\n",
       "      <th>Dez</th>\n",
       "      <th>Total</th>\n",
       "    </tr>\n",
       "  </thead>\n",
       "  <tbody>\n",
       "    <tr>\n",
       "      <th>Nissan</th>\n",
       "      <td>18379</td>\n",
       "      <td>8010</td>\n",
       "      <td>23272</td>\n",
       "      <td>11715</td>\n",
       "      <td>11036</td>\n",
       "      <td>21437</td>\n",
       "      <td>9552</td>\n",
       "      <td>3125</td>\n",
       "      <td>9326</td>\n",
       "      <td>17005</td>\n",
       "      <td>10942</td>\n",
       "      <td>5772</td>\n",
       "      <td>149571</td>\n",
       "    </tr>\n",
       "    <tr>\n",
       "      <th>Ford</th>\n",
       "      <td>11134</td>\n",
       "      <td>6630</td>\n",
       "      <td>23871</td>\n",
       "      <td>4446</td>\n",
       "      <td>18632</td>\n",
       "      <td>24099</td>\n",
       "      <td>14970</td>\n",
       "      <td>3410</td>\n",
       "      <td>3752</td>\n",
       "      <td>19691</td>\n",
       "      <td>3097</td>\n",
       "      <td>20035</td>\n",
       "      <td>153767</td>\n",
       "    </tr>\n",
       "    <tr>\n",
       "      <th>Volkswagem</th>\n",
       "      <td>6329</td>\n",
       "      <td>22549</td>\n",
       "      <td>9563</td>\n",
       "      <td>9162</td>\n",
       "      <td>7744</td>\n",
       "      <td>7569</td>\n",
       "      <td>10786</td>\n",
       "      <td>21237</td>\n",
       "      <td>13567</td>\n",
       "      <td>15780</td>\n",
       "      <td>24761</td>\n",
       "      <td>11765</td>\n",
       "      <td>160812</td>\n",
       "    </tr>\n",
       "    <tr>\n",
       "      <th>Honda</th>\n",
       "      <td>7491</td>\n",
       "      <td>12463</td>\n",
       "      <td>20759</td>\n",
       "      <td>4916</td>\n",
       "      <td>17261</td>\n",
       "      <td>13209</td>\n",
       "      <td>24895</td>\n",
       "      <td>14284</td>\n",
       "      <td>4908</td>\n",
       "      <td>23951</td>\n",
       "      <td>8831</td>\n",
       "      <td>12870</td>\n",
       "      <td>165838</td>\n",
       "    </tr>\n",
       "    <tr>\n",
       "      <th>Chevrolet</th>\n",
       "      <td>8971</td>\n",
       "      <td>16740</td>\n",
       "      <td>21742</td>\n",
       "      <td>22526</td>\n",
       "      <td>10343</td>\n",
       "      <td>4918</td>\n",
       "      <td>4111</td>\n",
       "      <td>20719</td>\n",
       "      <td>10127</td>\n",
       "      <td>9715</td>\n",
       "      <td>21882</td>\n",
       "      <td>19989</td>\n",
       "      <td>171783</td>\n",
       "    </tr>\n",
       "    <tr>\n",
       "      <th>Toyota</th>\n",
       "      <td>20301</td>\n",
       "      <td>8516</td>\n",
       "      <td>16300</td>\n",
       "      <td>9582</td>\n",
       "      <td>18785</td>\n",
       "      <td>19108</td>\n",
       "      <td>7747</td>\n",
       "      <td>6340</td>\n",
       "      <td>10201</td>\n",
       "      <td>22254</td>\n",
       "      <td>18469</td>\n",
       "      <td>17226</td>\n",
       "      <td>174829</td>\n",
       "    </tr>\n",
       "    <tr>\n",
       "      <th>Fiat</th>\n",
       "      <td>7390</td>\n",
       "      <td>19685</td>\n",
       "      <td>20562</td>\n",
       "      <td>24931</td>\n",
       "      <td>24917</td>\n",
       "      <td>19352</td>\n",
       "      <td>14572</td>\n",
       "      <td>17629</td>\n",
       "      <td>3140</td>\n",
       "      <td>22779</td>\n",
       "      <td>11213</td>\n",
       "      <td>3131</td>\n",
       "      <td>189301</td>\n",
       "    </tr>\n",
       "    <tr>\n",
       "      <th>Pegeout</th>\n",
       "      <td>19470</td>\n",
       "      <td>19277</td>\n",
       "      <td>20096</td>\n",
       "      <td>13660</td>\n",
       "      <td>24074</td>\n",
       "      <td>4097</td>\n",
       "      <td>21726</td>\n",
       "      <td>9571</td>\n",
       "      <td>20437</td>\n",
       "      <td>12096</td>\n",
       "      <td>12289</td>\n",
       "      <td>24894</td>\n",
       "      <td>201687</td>\n",
       "    </tr>\n",
       "  </tbody>\n",
       "</table>\n",
       "</div>"
      ],
      "text/plain": [
       "              Jav    Fev    Mar    Abr    Mai    Jun    Jul    Ago    Set  \\\n",
       "Nissan      18379   8010  23272  11715  11036  21437   9552   3125   9326   \n",
       "Ford        11134   6630  23871   4446  18632  24099  14970   3410   3752   \n",
       "Volkswagem   6329  22549   9563   9162   7744   7569  10786  21237  13567   \n",
       "Honda        7491  12463  20759   4916  17261  13209  24895  14284   4908   \n",
       "Chevrolet    8971  16740  21742  22526  10343   4918   4111  20719  10127   \n",
       "Toyota      20301   8516  16300   9582  18785  19108   7747   6340  10201   \n",
       "Fiat         7390  19685  20562  24931  24917  19352  14572  17629   3140   \n",
       "Pegeout     19470  19277  20096  13660  24074   4097  21726   9571  20437   \n",
       "\n",
       "              Out    Nov    Dez   Total  \n",
       "Nissan      17005  10942   5772  149571  \n",
       "Ford        19691   3097  20035  153767  \n",
       "Volkswagem  15780  24761  11765  160812  \n",
       "Honda       23951   8831  12870  165838  \n",
       "Chevrolet    9715  21882  19989  171783  \n",
       "Toyota      22254  18469  17226  174829  \n",
       "Fiat        22779  11213   3131  189301  \n",
       "Pegeout     12096  12289  24894  201687  "
      ]
     },
     "execution_count": 7,
     "metadata": {},
     "output_type": "execute_result"
    }
   ],
   "source": [
    "carros.sort_values(by=('Total'))"
   ]
  },
  {
   "cell_type": "code",
   "execution_count": 8,
   "metadata": {},
   "outputs": [
    {
     "data": {
      "text/html": [
       "<div>\n",
       "<style scoped>\n",
       "    .dataframe tbody tr th:only-of-type {\n",
       "        vertical-align: middle;\n",
       "    }\n",
       "\n",
       "    .dataframe tbody tr th {\n",
       "        vertical-align: top;\n",
       "    }\n",
       "\n",
       "    .dataframe thead th {\n",
       "        text-align: right;\n",
       "    }\n",
       "</style>\n",
       "<table border=\"1\" class=\"dataframe\">\n",
       "  <thead>\n",
       "    <tr style=\"text-align: right;\">\n",
       "      <th></th>\n",
       "      <th>Jav</th>\n",
       "      <th>Fev</th>\n",
       "      <th>Mar</th>\n",
       "      <th>Abr</th>\n",
       "      <th>Mai</th>\n",
       "      <th>Jun</th>\n",
       "      <th>Jul</th>\n",
       "      <th>Ago</th>\n",
       "      <th>Set</th>\n",
       "      <th>Out</th>\n",
       "      <th>Nov</th>\n",
       "      <th>Dez</th>\n",
       "      <th>Total</th>\n",
       "      <th>Origem</th>\n",
       "    </tr>\n",
       "  </thead>\n",
       "  <tbody>\n",
       "    <tr>\n",
       "      <th>Fiat</th>\n",
       "      <td>7390</td>\n",
       "      <td>19685</td>\n",
       "      <td>20562</td>\n",
       "      <td>24931</td>\n",
       "      <td>24917</td>\n",
       "      <td>19352</td>\n",
       "      <td>14572</td>\n",
       "      <td>17629</td>\n",
       "      <td>3140</td>\n",
       "      <td>22779</td>\n",
       "      <td>11213</td>\n",
       "      <td>3131</td>\n",
       "      <td>189301</td>\n",
       "      <td>Italia</td>\n",
       "    </tr>\n",
       "    <tr>\n",
       "      <th>Pegeout</th>\n",
       "      <td>19470</td>\n",
       "      <td>19277</td>\n",
       "      <td>20096</td>\n",
       "      <td>13660</td>\n",
       "      <td>24074</td>\n",
       "      <td>4097</td>\n",
       "      <td>21726</td>\n",
       "      <td>9571</td>\n",
       "      <td>20437</td>\n",
       "      <td>12096</td>\n",
       "      <td>12289</td>\n",
       "      <td>24894</td>\n",
       "      <td>201687</td>\n",
       "      <td>França</td>\n",
       "    </tr>\n",
       "    <tr>\n",
       "      <th>Volkswagem</th>\n",
       "      <td>6329</td>\n",
       "      <td>22549</td>\n",
       "      <td>9563</td>\n",
       "      <td>9162</td>\n",
       "      <td>7744</td>\n",
       "      <td>7569</td>\n",
       "      <td>10786</td>\n",
       "      <td>21237</td>\n",
       "      <td>13567</td>\n",
       "      <td>15780</td>\n",
       "      <td>24761</td>\n",
       "      <td>11765</td>\n",
       "      <td>160812</td>\n",
       "      <td>Alemanha</td>\n",
       "    </tr>\n",
       "    <tr>\n",
       "      <th>Ford</th>\n",
       "      <td>11134</td>\n",
       "      <td>6630</td>\n",
       "      <td>23871</td>\n",
       "      <td>4446</td>\n",
       "      <td>18632</td>\n",
       "      <td>24099</td>\n",
       "      <td>14970</td>\n",
       "      <td>3410</td>\n",
       "      <td>3752</td>\n",
       "      <td>19691</td>\n",
       "      <td>3097</td>\n",
       "      <td>20035</td>\n",
       "      <td>153767</td>\n",
       "      <td>EUA</td>\n",
       "    </tr>\n",
       "    <tr>\n",
       "      <th>Nissan</th>\n",
       "      <td>18379</td>\n",
       "      <td>8010</td>\n",
       "      <td>23272</td>\n",
       "      <td>11715</td>\n",
       "      <td>11036</td>\n",
       "      <td>21437</td>\n",
       "      <td>9552</td>\n",
       "      <td>3125</td>\n",
       "      <td>9326</td>\n",
       "      <td>17005</td>\n",
       "      <td>10942</td>\n",
       "      <td>5772</td>\n",
       "      <td>149571</td>\n",
       "      <td>Japão</td>\n",
       "    </tr>\n",
       "    <tr>\n",
       "      <th>Toyota</th>\n",
       "      <td>20301</td>\n",
       "      <td>8516</td>\n",
       "      <td>16300</td>\n",
       "      <td>9582</td>\n",
       "      <td>18785</td>\n",
       "      <td>19108</td>\n",
       "      <td>7747</td>\n",
       "      <td>6340</td>\n",
       "      <td>10201</td>\n",
       "      <td>22254</td>\n",
       "      <td>18469</td>\n",
       "      <td>17226</td>\n",
       "      <td>174829</td>\n",
       "      <td>Japão</td>\n",
       "    </tr>\n",
       "    <tr>\n",
       "      <th>Honda</th>\n",
       "      <td>7491</td>\n",
       "      <td>12463</td>\n",
       "      <td>20759</td>\n",
       "      <td>4916</td>\n",
       "      <td>17261</td>\n",
       "      <td>13209</td>\n",
       "      <td>24895</td>\n",
       "      <td>14284</td>\n",
       "      <td>4908</td>\n",
       "      <td>23951</td>\n",
       "      <td>8831</td>\n",
       "      <td>12870</td>\n",
       "      <td>165838</td>\n",
       "      <td>Japão</td>\n",
       "    </tr>\n",
       "    <tr>\n",
       "      <th>Chevrolet</th>\n",
       "      <td>8971</td>\n",
       "      <td>16740</td>\n",
       "      <td>21742</td>\n",
       "      <td>22526</td>\n",
       "      <td>10343</td>\n",
       "      <td>4918</td>\n",
       "      <td>4111</td>\n",
       "      <td>20719</td>\n",
       "      <td>10127</td>\n",
       "      <td>9715</td>\n",
       "      <td>21882</td>\n",
       "      <td>19989</td>\n",
       "      <td>171783</td>\n",
       "      <td>EUA</td>\n",
       "    </tr>\n",
       "  </tbody>\n",
       "</table>\n",
       "</div>"
      ],
      "text/plain": [
       "              Jav    Fev    Mar    Abr    Mai    Jun    Jul    Ago    Set  \\\n",
       "Fiat         7390  19685  20562  24931  24917  19352  14572  17629   3140   \n",
       "Pegeout     19470  19277  20096  13660  24074   4097  21726   9571  20437   \n",
       "Volkswagem   6329  22549   9563   9162   7744   7569  10786  21237  13567   \n",
       "Ford        11134   6630  23871   4446  18632  24099  14970   3410   3752   \n",
       "Nissan      18379   8010  23272  11715  11036  21437   9552   3125   9326   \n",
       "Toyota      20301   8516  16300   9582  18785  19108   7747   6340  10201   \n",
       "Honda        7491  12463  20759   4916  17261  13209  24895  14284   4908   \n",
       "Chevrolet    8971  16740  21742  22526  10343   4918   4111  20719  10127   \n",
       "\n",
       "              Out    Nov    Dez   Total    Origem  \n",
       "Fiat        22779  11213   3131  189301    Italia  \n",
       "Pegeout     12096  12289  24894  201687    França  \n",
       "Volkswagem  15780  24761  11765  160812  Alemanha  \n",
       "Ford        19691   3097  20035  153767       EUA  \n",
       "Nissan      17005  10942   5772  149571     Japão  \n",
       "Toyota      22254  18469  17226  174829     Japão  \n",
       "Honda       23951   8831  12870  165838     Japão  \n",
       "Chevrolet    9715  21882  19989  171783       EUA  "
      ]
     },
     "execution_count": 8,
     "metadata": {},
     "output_type": "execute_result"
    }
   ],
   "source": [
    "carros['Origem'] = ['Italia', 'França', 'Alemanha', 'EUA', 'Japão', 'Japão', 'Japão', 'EUA']\n",
    "carros"
   ]
  },
  {
   "cell_type": "code",
   "execution_count": 9,
   "metadata": {},
   "outputs": [
    {
     "data": {
      "text/html": [
       "<div>\n",
       "<style scoped>\n",
       "    .dataframe tbody tr th:only-of-type {\n",
       "        vertical-align: middle;\n",
       "    }\n",
       "\n",
       "    .dataframe tbody tr th {\n",
       "        vertical-align: top;\n",
       "    }\n",
       "\n",
       "    .dataframe thead th {\n",
       "        text-align: right;\n",
       "    }\n",
       "</style>\n",
       "<table border=\"1\" class=\"dataframe\">\n",
       "  <thead>\n",
       "    <tr style=\"text-align: right;\">\n",
       "      <th></th>\n",
       "      <th>Jav</th>\n",
       "      <th>Fev</th>\n",
       "      <th>Mar</th>\n",
       "      <th>Abr</th>\n",
       "      <th>Mai</th>\n",
       "      <th>Jun</th>\n",
       "      <th>Jul</th>\n",
       "      <th>Ago</th>\n",
       "      <th>Set</th>\n",
       "      <th>Out</th>\n",
       "      <th>Nov</th>\n",
       "      <th>Dez</th>\n",
       "      <th>Total</th>\n",
       "      <th>Origem</th>\n",
       "    </tr>\n",
       "  </thead>\n",
       "  <tbody>\n",
       "    <tr>\n",
       "      <th>Nissan</th>\n",
       "      <td>18379</td>\n",
       "      <td>8010</td>\n",
       "      <td>23272</td>\n",
       "      <td>11715</td>\n",
       "      <td>11036</td>\n",
       "      <td>21437</td>\n",
       "      <td>9552</td>\n",
       "      <td>3125</td>\n",
       "      <td>9326</td>\n",
       "      <td>17005</td>\n",
       "      <td>10942</td>\n",
       "      <td>5772</td>\n",
       "      <td>149571</td>\n",
       "      <td>Japão</td>\n",
       "    </tr>\n",
       "    <tr>\n",
       "      <th>Ford</th>\n",
       "      <td>11134</td>\n",
       "      <td>6630</td>\n",
       "      <td>23871</td>\n",
       "      <td>4446</td>\n",
       "      <td>18632</td>\n",
       "      <td>24099</td>\n",
       "      <td>14970</td>\n",
       "      <td>3410</td>\n",
       "      <td>3752</td>\n",
       "      <td>19691</td>\n",
       "      <td>3097</td>\n",
       "      <td>20035</td>\n",
       "      <td>153767</td>\n",
       "      <td>EUA</td>\n",
       "    </tr>\n",
       "    <tr>\n",
       "      <th>Volkswagem</th>\n",
       "      <td>6329</td>\n",
       "      <td>22549</td>\n",
       "      <td>9563</td>\n",
       "      <td>9162</td>\n",
       "      <td>7744</td>\n",
       "      <td>7569</td>\n",
       "      <td>10786</td>\n",
       "      <td>21237</td>\n",
       "      <td>13567</td>\n",
       "      <td>15780</td>\n",
       "      <td>24761</td>\n",
       "      <td>11765</td>\n",
       "      <td>160812</td>\n",
       "      <td>Alemanha</td>\n",
       "    </tr>\n",
       "    <tr>\n",
       "      <th>Honda</th>\n",
       "      <td>7491</td>\n",
       "      <td>12463</td>\n",
       "      <td>20759</td>\n",
       "      <td>4916</td>\n",
       "      <td>17261</td>\n",
       "      <td>13209</td>\n",
       "      <td>24895</td>\n",
       "      <td>14284</td>\n",
       "      <td>4908</td>\n",
       "      <td>23951</td>\n",
       "      <td>8831</td>\n",
       "      <td>12870</td>\n",
       "      <td>165838</td>\n",
       "      <td>Japão</td>\n",
       "    </tr>\n",
       "    <tr>\n",
       "      <th>Chevrolet</th>\n",
       "      <td>8971</td>\n",
       "      <td>16740</td>\n",
       "      <td>21742</td>\n",
       "      <td>22526</td>\n",
       "      <td>10343</td>\n",
       "      <td>4918</td>\n",
       "      <td>4111</td>\n",
       "      <td>20719</td>\n",
       "      <td>10127</td>\n",
       "      <td>9715</td>\n",
       "      <td>21882</td>\n",
       "      <td>19989</td>\n",
       "      <td>171783</td>\n",
       "      <td>EUA</td>\n",
       "    </tr>\n",
       "    <tr>\n",
       "      <th>Toyota</th>\n",
       "      <td>20301</td>\n",
       "      <td>8516</td>\n",
       "      <td>16300</td>\n",
       "      <td>9582</td>\n",
       "      <td>18785</td>\n",
       "      <td>19108</td>\n",
       "      <td>7747</td>\n",
       "      <td>6340</td>\n",
       "      <td>10201</td>\n",
       "      <td>22254</td>\n",
       "      <td>18469</td>\n",
       "      <td>17226</td>\n",
       "      <td>174829</td>\n",
       "      <td>Japão</td>\n",
       "    </tr>\n",
       "    <tr>\n",
       "      <th>Fiat</th>\n",
       "      <td>7390</td>\n",
       "      <td>19685</td>\n",
       "      <td>20562</td>\n",
       "      <td>24931</td>\n",
       "      <td>24917</td>\n",
       "      <td>19352</td>\n",
       "      <td>14572</td>\n",
       "      <td>17629</td>\n",
       "      <td>3140</td>\n",
       "      <td>22779</td>\n",
       "      <td>11213</td>\n",
       "      <td>3131</td>\n",
       "      <td>189301</td>\n",
       "      <td>Italia</td>\n",
       "    </tr>\n",
       "    <tr>\n",
       "      <th>Pegeout</th>\n",
       "      <td>19470</td>\n",
       "      <td>19277</td>\n",
       "      <td>20096</td>\n",
       "      <td>13660</td>\n",
       "      <td>24074</td>\n",
       "      <td>4097</td>\n",
       "      <td>21726</td>\n",
       "      <td>9571</td>\n",
       "      <td>20437</td>\n",
       "      <td>12096</td>\n",
       "      <td>12289</td>\n",
       "      <td>24894</td>\n",
       "      <td>201687</td>\n",
       "      <td>França</td>\n",
       "    </tr>\n",
       "  </tbody>\n",
       "</table>\n",
       "</div>"
      ],
      "text/plain": [
       "              Jav    Fev    Mar    Abr    Mai    Jun    Jul    Ago    Set  \\\n",
       "Nissan      18379   8010  23272  11715  11036  21437   9552   3125   9326   \n",
       "Ford        11134   6630  23871   4446  18632  24099  14970   3410   3752   \n",
       "Volkswagem   6329  22549   9563   9162   7744   7569  10786  21237  13567   \n",
       "Honda        7491  12463  20759   4916  17261  13209  24895  14284   4908   \n",
       "Chevrolet    8971  16740  21742  22526  10343   4918   4111  20719  10127   \n",
       "Toyota      20301   8516  16300   9582  18785  19108   7747   6340  10201   \n",
       "Fiat         7390  19685  20562  24931  24917  19352  14572  17629   3140   \n",
       "Pegeout     19470  19277  20096  13660  24074   4097  21726   9571  20437   \n",
       "\n",
       "              Out    Nov    Dez   Total    Origem  \n",
       "Nissan      17005  10942   5772  149571     Japão  \n",
       "Ford        19691   3097  20035  153767       EUA  \n",
       "Volkswagem  15780  24761  11765  160812  Alemanha  \n",
       "Honda       23951   8831  12870  165838     Japão  \n",
       "Chevrolet    9715  21882  19989  171783       EUA  \n",
       "Toyota      22254  18469  17226  174829     Japão  \n",
       "Fiat        22779  11213   3131  189301    Italia  \n",
       "Pegeout     12096  12289  24894  201687    França  "
      ]
     },
     "execution_count": 9,
     "metadata": {},
     "output_type": "execute_result"
    }
   ],
   "source": [
    "carros.sort_values(by=('Total'))"
   ]
  },
  {
   "cell_type": "code",
   "execution_count": 10,
   "metadata": {},
   "outputs": [
    {
     "data": {
      "text/html": [
       "<div>\n",
       "<style scoped>\n",
       "    .dataframe tbody tr th:only-of-type {\n",
       "        vertical-align: middle;\n",
       "    }\n",
       "\n",
       "    .dataframe tbody tr th {\n",
       "        vertical-align: top;\n",
       "    }\n",
       "\n",
       "    .dataframe thead th {\n",
       "        text-align: right;\n",
       "    }\n",
       "</style>\n",
       "<table border=\"1\" class=\"dataframe\">\n",
       "  <thead>\n",
       "    <tr style=\"text-align: right;\">\n",
       "      <th></th>\n",
       "      <th>Jav</th>\n",
       "      <th>Fev</th>\n",
       "      <th>Mar</th>\n",
       "      <th>Abr</th>\n",
       "      <th>Mai</th>\n",
       "      <th>Jun</th>\n",
       "      <th>Jul</th>\n",
       "      <th>Ago</th>\n",
       "      <th>Set</th>\n",
       "      <th>Out</th>\n",
       "      <th>Nov</th>\n",
       "      <th>Dez</th>\n",
       "      <th>Total</th>\n",
       "      <th>Origem</th>\n",
       "    </tr>\n",
       "  </thead>\n",
       "  <tbody>\n",
       "    <tr>\n",
       "      <th>Pegeout</th>\n",
       "      <td>19470</td>\n",
       "      <td>19277</td>\n",
       "      <td>20096</td>\n",
       "      <td>13660</td>\n",
       "      <td>24074</td>\n",
       "      <td>4097</td>\n",
       "      <td>21726</td>\n",
       "      <td>9571</td>\n",
       "      <td>20437</td>\n",
       "      <td>12096</td>\n",
       "      <td>12289</td>\n",
       "      <td>24894</td>\n",
       "      <td>201687</td>\n",
       "      <td>França</td>\n",
       "    </tr>\n",
       "    <tr>\n",
       "      <th>Fiat</th>\n",
       "      <td>7390</td>\n",
       "      <td>19685</td>\n",
       "      <td>20562</td>\n",
       "      <td>24931</td>\n",
       "      <td>24917</td>\n",
       "      <td>19352</td>\n",
       "      <td>14572</td>\n",
       "      <td>17629</td>\n",
       "      <td>3140</td>\n",
       "      <td>22779</td>\n",
       "      <td>11213</td>\n",
       "      <td>3131</td>\n",
       "      <td>189301</td>\n",
       "      <td>Italia</td>\n",
       "    </tr>\n",
       "    <tr>\n",
       "      <th>Toyota</th>\n",
       "      <td>20301</td>\n",
       "      <td>8516</td>\n",
       "      <td>16300</td>\n",
       "      <td>9582</td>\n",
       "      <td>18785</td>\n",
       "      <td>19108</td>\n",
       "      <td>7747</td>\n",
       "      <td>6340</td>\n",
       "      <td>10201</td>\n",
       "      <td>22254</td>\n",
       "      <td>18469</td>\n",
       "      <td>17226</td>\n",
       "      <td>174829</td>\n",
       "      <td>Japão</td>\n",
       "    </tr>\n",
       "    <tr>\n",
       "      <th>Chevrolet</th>\n",
       "      <td>8971</td>\n",
       "      <td>16740</td>\n",
       "      <td>21742</td>\n",
       "      <td>22526</td>\n",
       "      <td>10343</td>\n",
       "      <td>4918</td>\n",
       "      <td>4111</td>\n",
       "      <td>20719</td>\n",
       "      <td>10127</td>\n",
       "      <td>9715</td>\n",
       "      <td>21882</td>\n",
       "      <td>19989</td>\n",
       "      <td>171783</td>\n",
       "      <td>EUA</td>\n",
       "    </tr>\n",
       "    <tr>\n",
       "      <th>Honda</th>\n",
       "      <td>7491</td>\n",
       "      <td>12463</td>\n",
       "      <td>20759</td>\n",
       "      <td>4916</td>\n",
       "      <td>17261</td>\n",
       "      <td>13209</td>\n",
       "      <td>24895</td>\n",
       "      <td>14284</td>\n",
       "      <td>4908</td>\n",
       "      <td>23951</td>\n",
       "      <td>8831</td>\n",
       "      <td>12870</td>\n",
       "      <td>165838</td>\n",
       "      <td>Japão</td>\n",
       "    </tr>\n",
       "    <tr>\n",
       "      <th>Volkswagem</th>\n",
       "      <td>6329</td>\n",
       "      <td>22549</td>\n",
       "      <td>9563</td>\n",
       "      <td>9162</td>\n",
       "      <td>7744</td>\n",
       "      <td>7569</td>\n",
       "      <td>10786</td>\n",
       "      <td>21237</td>\n",
       "      <td>13567</td>\n",
       "      <td>15780</td>\n",
       "      <td>24761</td>\n",
       "      <td>11765</td>\n",
       "      <td>160812</td>\n",
       "      <td>Alemanha</td>\n",
       "    </tr>\n",
       "    <tr>\n",
       "      <th>Ford</th>\n",
       "      <td>11134</td>\n",
       "      <td>6630</td>\n",
       "      <td>23871</td>\n",
       "      <td>4446</td>\n",
       "      <td>18632</td>\n",
       "      <td>24099</td>\n",
       "      <td>14970</td>\n",
       "      <td>3410</td>\n",
       "      <td>3752</td>\n",
       "      <td>19691</td>\n",
       "      <td>3097</td>\n",
       "      <td>20035</td>\n",
       "      <td>153767</td>\n",
       "      <td>EUA</td>\n",
       "    </tr>\n",
       "    <tr>\n",
       "      <th>Nissan</th>\n",
       "      <td>18379</td>\n",
       "      <td>8010</td>\n",
       "      <td>23272</td>\n",
       "      <td>11715</td>\n",
